0.234634
1.505061
0.658373
0.456471
0.084812
0.084798
0.029919
1.005615
0.459541
0.615625
0.010400
1.751779
0.893215
0.119344
0.100339
0.101306
0.181377
0.371964
0.282769
0.172111
0.473185
0.075117
0.172758
0.228139
0.304467
0.768968
0.111368
0.361015
0.448752
0.023782
0.467667
0.093481
0.033632
1.486844
1.685315
0.826166
0.181644
0.051389
0.576375
0.290045
0.065076
0.341774
0.017497
1.200211
0.149729
0.543128
0.186773
0.367055
0.395612
0.102194
1.746404
0.746123
1.402547
1.126076
0.455527
1.274718
0.046328
0.109067
0.023141
0.196766
0.246065
0.158280
0.882279
0.220613
0.164901
0.391204
0.075949
0.810242
0.038738
2.167073
0.739742
0.110770
0.002769
0.844948
0.613548
0.652831
0.737607
0.038465
0.221946
0.061575
0.994265
0.488151
0.200909
0.032834
0.186244
0.196657
0.653938
0.507445
1.091126
0.319533
0.063686
0.624563
0.715196
0.411944
0.736945
0.340407
0.369839
0.278907
0.012874
0.057084
0.015967
0.505865
0.188698
0.355219
1.190633
0.143369
0.264141
0.704375
0.129903
0.040052
0.171070
0.087904
1.327475
0.825444
0.501747
1.025760
0.813984
0.103248
1.115407
0.387550
0.823674
1.132121
0.191365
0.058296
0.129343
0.278529
0.851915
0.985672
0.003488
0.357438
0.270137
0.125584
0.063840
0.205954
1.431561
0.195192
0.365726
0.607043
0.225987
1.783899
1.641005
0.145031
0.343830
0.178965
0.167625
0.018792
0.470246
0.349260
0.026426
0.163313
1.194430
0.136930
0.078265
0.336136
2.122018
0.138572
0.557578
0.716944
0.135667
0.651374
0.229261
0.500252
0.501919
0.383693
0.047315
0.901822
0.193405
0.103216
0.020815
0.446889
0.565926
0.008363
0.358815
0.128412
0.518062
0.095802
0.587106
0.244479
1.380172
0.073972
0.208566
0.060222
1.293095
1.049167
0.149164
0.539381
0.849742
0.405066
0.377140
0.138439
0.048863
1.137562
1.153387
0.501335
0.207023
0.214784
0.647233
1.137049
1.090566
0.756781
0.513655
0.043946
0.088147
1.144115
0.466247
0.004620
0.053498
0.544581
0.002537
0.087658
0.397849
0.588658
0.527721
0.126975
0.622709
0.135412
0.196817
0.686179
0.524387
0.945978
0.535907
0.420022
0.049179
0.229208
0.154080
0.139850
1.806155
0.249694
1.113028
0.498667
0.791913
0.349218
0.430078
0.339147
0.108607
0.640881
0.164789
0.012308
0.518484
0.097467
1.410542
1.538781
1.231755
0.231144
0.007789
1.317762
0.279469
1.700421
1.656868
0.958694
0.174388
0.243146
0.952363
0.190573
0.092859
0.406868
1.375647
0.595413
0.422056
0.051114
0.477265
2.305285
0.075460
0.365248
1.049304
0.675017
0.597037
0.606144
0.222746
0.173781
0.828687
0.830664
1.008975
1.222308
0.358047
0.348092
0.800475
0.524860
0.605275
0.794310
1.103662
0.206241
0.235468
0.049348
0.431707
0.018302
0.313303
0.391147
0.168815
0.446816
0.015488
0.019032
0.864676
0.223293
0.067945
0.369327
0.734824
0.121559
0.487610
0.044606
0.026533
0.378954
0.388955
0.507269
0.647480
1.861779
0.363146
0.195010
0.792827
0.157926
0.288992
0.040853
0.012839
1.643690
0.903884
0.595321
0.262930
0.095153
0.085060
0.144003
0.398395
0.626925
0.539695
0.164206
1.549052
0.669509
0.404115
0.473015
0.272019
0.142331
0.220007
0.709091
0.007249
0.061690
0.023547
0.020791
0.967102
0.608120
0.321392
0.051478
0.338259
0.320725
0.095097
0.284450
0.254168
0.478361
0.504057
0.023181
0.234692
0.491562
0.349720
0.970675
0.537487
0.088926
0.036591
0.514197
0.013435
0.440674
1.408628
0.428391
0.245650
0.515414
0.306478
0.394407
1.419064
0.243964
1.624546
1.178788
0.108948
0.035942
0.053113
0.009195
0.049603
0.574437
0.036925
0.192079
0.931763
0.011774
0.842265
0.165542
0.062875
0.596578
0.495700
1.049708
0.664147
0.813498
0.165667
0.097667
0.694378
0.822105
2.328502
0.266040
0.232622
0.748977
0.208367
1.335069
0.977420
0.280178
0.694892
0.702316
0.054419
1.164223
0.351854
0.875666
0.192868
1.129395
0.246494
0.005448
1.178954
0.047863
0.192327
1.498486
1.503975
0.425999
0.499615
0.297507
0.173511
0.199243
0.558162
0.697919
0.784098
0.779416
0.047818
0.341025
0.029641
0.398731
0.291278
1.093309
0.216096
0.062253
0.077154
0.716715
0.481453
0.053304
0.043928
0.603604
0.037773
0.862593
0.612500
0.042424
0.044327
2.157729
0.234419
0.231528
0.837788
1.471082
2.134387
0.699950
0.236010
0.043597
0.750621
0.408680
0.276017
1.184119
0.058940
0.339253
0.005709
0.316177
0.028975
0.063245
0.062513
0.523784
0.685299
0.437777
1.637360
0.234898
0.168235
1.014751
0.126541
1.651435
0.006114
1.751263
0.022059
1.108861
0.375072
2.478414
0.038331
0.403555
1.741788
0.370222
0.496314
0.594951
0.303064
0.493837
0.438913
1.157116
0.023256
0.164921
1.501998
1.104838
0.304088
0.483967
0.162437
0.104202
0.311529
0.217977
0.438122
0.040461
1.832480
2.141933
0.598932
0.384039
0.185190
0.840454
0.577165
0.088737
1.209151
0.864497
1.495869
0.646802
0.475202
0.270851
1.349509
1.005196
0.023136
0.013360
0.236174
0.831824
2.182138
0.081505
0.450862
0.239737
1.751854
0.922957
0.911095
0.316208
0.267917
0.159694
0.029013
1.000213
0.838059
4.086223
2.847437
0.405326
0.732642
1.448086
0.947386
0.142076
0.299413
0.069148
1.540112
0.465924
0.129802
0.556915
0.481335
0.221710
0.060270
0.556721
0.367305
0.739904
0.367155
0.955885
0.401377
0.411557
1.046379
0.258324
0.071944
0.014603
0.703529
0.484199
0.608833
0.119741
0.073306
0.007326
0.215844
0.445699
0.248991
0.287660
1.172531
0.214051
0.360763
0.765436
0.252540
0.486545
0.991570
1.493095
0.079541
1.305831
0.338751
0.149368
0.307293
1.956827
0.339246
0.199308
0.501743
0.137314
0.039448
0.068988
0.068509
0.082380
0.074730
0.512042
0.100373
0.212070
1.135487
0.321191
0.550645
0.094564
0.106775
0.020864
0.092524
0.163274
0.097406
0.046443
0.064278
0.308815
0.115546
0.226491
0.350003
0.586229
0.020053
0.803247
0.494297
0.042648
1.034067
1.268347
0.031511
0.162088
0.820468
0.689679
0.101990
0.117450
0.231393
0.331331
0.481501
0.230156
0.310446
0.688114
0.018686
0.145468
0.624746
1.127883
0.358390
0.379765
0.056681
0.296572
0.380303
0.138846
0.156837
0.236832
0.010138
0.194362
0.118778
0.198375
0.063782
1.106040
0.450199
0.568316
0.778355
0.345018
0.045466
0.385129
0.441962
0.684108
0.282517
0.068242
0.166881
0.225557
0.519112
0.422891
0.220103
2.153098
0.465417
0.135397
0.053672
0.082944
0.141153
0.087582
0.103246
0.167803
0.095201
1.135376
0.041818
0.371706
0.264153
2.019321
0.059414
0.253629
1.744530
1.003122
0.849332
0.149138
0.093700
0.552280
1.325193
0.406825
0.423864
0.164238
0.733737
0.103539
0.195544
0.277072
0.354242
0.138806
0.060992
0.471600
0.170282
0.435227
0.083832
0.328061
0.380274
0.026607
0.205192
0.072175
0.032736
2.300601
0.194565
0.830035
0.146944
0.572071
0.714033
0.452723
0.318928
0.265379
0.214522
1.326278
0.887804
1.676588
0.066364
0.656276
1.393064
0.099978
0.034405
0.675697
0.427214
0.922039
0.075279
0.793025
0.112590
0.089358
0.089722
0.842552
0.547107
0.370188
0.222231
1.048601
0.249156
0.848041
0.289137
0.236560
0.310581
0.179323
0.688389
0.349301
0.132121
1.149170
0.242166
0.392141
1.184748
0.489400
0.062157
1.405308
0.494038
0.203913
0.074988
0.790001
0.483888
0.381207
1.121652
0.776995
0.082246
0.186781
0.142835
0.681184
0.017054
0.421857
0.718707
1.046834
0.209337
0.860904
0.058622
0.936872
0.068190
0.253157
0.798003
0.081211
0.130197
0.640522
0.636548
0.512422
0.592001
0.391235
0.145042
0.212092
0.100201
1.195438
0.437805
0.256123
0.309954
1.471412
0.083235
0.441222
0.352497
0.472672
0.009138
1.028347
1.344994
0.416358
0.596435
1.278735
0.614199
0.082755
0.429351
0.466610
0.275937
0.666745
1.361838
1.298938
0.299682
0.060089
2.094587
0.912859
0.066573
1.268154
1.019712
0.365776
0.447357
0.254582
0.028159
0.204132
0.811904
0.002321
0.202857
0.253889
0.385442
1.261963
0.212589
0.213053
0.668754
0.300939
0.127191
0.301141
0.075910
0.097027
0.344944
0.271438
1.231646
0.225017
0.434451
0.500195
0.006590
0.544634
0.098029
1.622999
0.080473
0.267751
0.044607
2.884041
0.348773
0.452410
0.034716
0.693068
0.117801
1.141657
0.114794
0.105785
0.018617
0.319393
0.416022
0.033983
0.747001
0.301917
0.371579
0.290591
0.256049
0.410082
0.084352
0.100403
0.989475
1.460456
0.233651
0.157866
0.516412
0.262745
0.012857
0.084892
0.629342
0.537825
0.013735
0.125496
0.131381
0.557207
0.009954
0.054968
0.804509
0.098339
0.528850
0.136024
0.052370
0.139310
0.640547
0.967918
0.886625
0.253071
0.551438
0.114697
0.173467
1.133299
0.006544
0.044694
0.116525
0.013445
0.100102
0.437384
0.273593
1.115932
0.850348
0.209136
0.150163
0.238770
0.446159
0.156031
0.489281
0.263318
0.401534
0.286463
0.174400
1.482634
0.721127
0.075477
1.014252
0.334160
1.124770
0.804357
0.276878
0.011363
0.156450
0.390044
0.501849
0.149127
0.075037
0.900694
2.080312
0.372947
0.094177
0.158938
0.009281
1.228444
0.062641
0.429620
0.160141
0.403918
0.526944
0.885220
0.115601
0.005528
0.073604
1.151386
1.035301
0.454922
0.458792
0.546867
0.096411
1.229105
0.271305
0.241555
0.365858
0.024052
0.090931
0.669770
0.043214
0.462101
0.140750
0.246571
0.170326
0.219774
0.634782
0.176286
0.417822
0.323180
0.544833
1.380961
0.659453
0.120998
0.015840
0.152085
0.452030
0.026398
0.342953
0.454214
0.203416
0.736825
0.056359
0.039055
0.651324
0.342085
0.583021
0.285312
0.141448
0.854912
0.803261
0.593224
0.158827
0.446080
0.223905
0.048025
1.246350
0.073565
1.500245
0.295301
