154.809
177.703
164.59
151.009
166.447
179.089
161.39
170.802
198.53
186.997
154.946
170.755
171.806
165.589
166.737
179.418
177.32
185.703
163.303
159.734
163.4
173.244
186.944
155.714
158.119
174.312
176.644
187.896
151.777
169.142
158.259
176.869
150.634
168.034
156.032
171.972
181.658
188.945
176.129
176.56
177.543
166.23
175.215
180.143
166.48
178.903
172.777
162.531
176.712
197.747
169.857
189.444
180.359
156.4
164.978
179.273
173.645
175.402
183.141
182.947
193.48
167.255
160.11
177.232
177.652
179.883
175.216
167.39
156.486
161.076
164.027
176.37
164.259
160.168
184.808
159.849
173.957
164.479
172.107
176.246
174.526
167.194
184.045
164.087
173.864
164.575
162.526
168.51
156.889
168.023
181.658
193.795
163.204
173.27
182.596
162.181
159.133
173.207
176.46
157.857
